Linear: C = 1, Loss = hinge, Penalty = l2
Precisions of CV = [ 0.8  0.9  0.9  0.9  1.   1.   1.   0.9  0.8]
Mean Precision = 0.911111111111
Confusion Matrix = 
[[9 0 0 0 0 0 0 0 0 0]
 [0 9 0 0 0 0 0 0 0 0]
 [0 0 9 0 0 0 0 0 0 0]
 [0 0 0 8 0 0 0 1 0 0]
 [0 0 0 0 9 0 0 0 0 0]
 [2 0 0 0 0 6 0 1 0 0]
 [0 0 0 0 0 0 9 0 0 0]
 [1 0 0 1 0 2 0 5 0 0]
 [0 0 0 0 0 0 0 0 9 0]
 [0 0 0 0 0 0 0 0 0 9]]

-----------------------------------------------------

Linear: C = 1, Loss = squared_hinge, Penalty = l2
Precisions of CV = [ 0.9  0.9  1.   0.9  0.9  1.   1.   1.   1. ]
Mean Precision = 0.955555555556
Confusion Matrix = 
[[9 0 0 0 0 0 0 0 0 0]
 [0 9 0 0 0 0 0 0 0 0]
 [0 0 9 0 0 0 0 0 0 0]
 [0 0 0 7 0 0 0 2 0 0]
 [0 0 0 0 9 0 0 0 0 0]
 [0 0 0 0 0 9 0 0 0 0]
 [0 0 0 0 0 0 9 0 0 0]
 [0 0 0 1 0 1 0 7 0 0]
 [0 0 0 0 0 0 0 0 9 0]
 [0 0 0 0 0 0 0 0 0 9]]

-----------------------------------------------------

Non-linear: C = 1, kernel = poly, Gamma = 0.01
Precisions of CV = [ 0.7  0.6  0.5  0.6  0.5  0.7  0.6  0.5  0.9]
Mean Precision = 0.622222222222
Confusion Matrix = 
[[6 0 1 0 1 0 0 0 1 0]
 [0 9 0 0 0 0 0 0 0 0]
 [0 0 9 0 0 0 0 0 0 0]
 [0 1 3 4 1 0 0 0 0 0]
 [0 0 0 0 9 0 0 0 0 0]
 [0 2 2 2 1 1 0 0 1 0]
 [0 0 4 0 0 0 3 0 2 0]
 [1 3 2 2 0 0 0 0 1 0]
 [0 0 0 1 0 0 0 0 8 0]
 [0 0 0 1 1 0 0 0 0 7]]

-----------------------------------------------------

Non-linear: C = 1, kernel = poly, Gamma = 0.001
Precisions of CV = [ 0.7  0.6  0.5  0.6  0.5  0.7  0.6  0.5  0.9]
Mean Precision = 0.622222222222
Confusion Matrix = 
[[6 0 1 0 1 0 0 0 1 0]
 [0 9 0 0 0 0 0 0 0 0]
 [0 0 9 0 0 0 0 0 0 0]
 [0 1 3 4 1 0 0 0 0 0]
 [0 0 0 0 9 0 0 0 0 0]
 [0 2 2 2 1 1 0 0 1 0]
 [0 0 4 0 0 0 3 0 2 0]
 [1 3 2 2 0 0 0 0 1 0]
 [0 0 0 1 0 0 0 0 8 0]
 [0 0 0 1 1 0 0 0 0 7]]

-----------------------------------------------------

Non-linear: C = 1, kernel = poly, Gamma = 0.0001
Precisions of CV = [ 0.5  0.6  0.5  0.7  0.5  0.7  0.6  0.5  0.9]
Mean Precision = 0.611111111111
Confusion Matrix = 
[[6 1 0 0 0 0 0 0 1 1]
 [0 9 0 0 0 0 0 0 0 0]
 [0 0 9 0 0 0 0 0 0 0]
 [0 2 0 3 2 0 1 0 0 1]
 [0 0 0 0 9 0 0 0 0 0]
 [0 1 0 2 3 1 0 0 1 1]
 [0 0 0 0 3 0 3 0 2 1]
 [1 2 0 1 2 0 1 0 1 1]
 [0 0 0 1 0 0 0 0 8 0]
 [0 0 0 1 1 0 0 0 0 7]]

-----------------------------------------------------

Non-linear: C = 1, kernel = rbf, Gamma = 0.01
Precisions of CV = [ 0.8  0.9  0.9  0.9  1.   1.   1.   0.9  0.8]
Mean Precision = 0.911111111111
Confusion Matrix = 
[[9 0 0 0 0 0 0 0 0 0]
 [0 9 0 0 0 0 0 0 0 0]
 [0 0 9 0 0 0 0 0 0 0]
 [0 0 0 8 0 0 0 1 0 0]
 [0 0 0 0 9 0 0 0 0 0]
 [2 0 0 0 0 6 0 1 0 0]
 [0 0 0 0 0 0 9 0 0 0]
 [1 0 0 1 0 2 0 5 0 0]
 [0 0 0 0 0 0 0 0 9 0]
 [0 0 0 0 0 0 0 0 0 9]]

-----------------------------------------------------

Non-linear: C = 1, kernel = rbf, Gamma = 0.001
Precisions of CV = [ 0.8  0.9  0.9  0.9  1.   1.   1.   0.9  0.8]
Mean Precision = 0.911111111111
Confusion Matrix = 
[[9 0 0 0 0 0 0 0 0 0]
 [0 9 0 0 0 0 0 0 0 0]
 [0 0 9 0 0 0 0 0 0 0]
 [0 0 0 7 0 0 1 1 0 0]
 [0 0 0 0 9 0 0 0 0 0]
 [2 0 0 0 0 7 0 0 0 0]
 [0 0 0 0 0 0 9 0 0 0]
 [1 0 0 1 1 0 1 5 0 0]
 [0 0 0 0 0 0 0 0 9 0]
 [0 0 0 0 0 0 0 0 0 9]]

-----------------------------------------------------

Non-linear: C = 1, kernel = rbf, Gamma = 0.0001
Precisions of CV = [ 0.9  0.9  0.9  0.9  1.   1.   1.   0.9  0.8]
Mean Precision = 0.922222222222
Confusion Matrix = 
[[9 0 0 0 0 0 0 0 0 0]
 [0 9 0 0 0 0 0 0 0 0]
 [0 0 9 0 0 0 0 0 0 0]
 [0 0 0 9 0 0 0 0 0 0]
 [0 0 0 0 9 0 0 0 0 0]
 [2 0 0 0 0 7 0 0 0 0]
 [0 0 0 0 0 0 9 0 0 0]
 [1 0 0 2 1 1 0 4 0 0]
 [0 0 0 0 0 0 0 0 9 0]
 [0 0 0 0 0 0 0 0 0 9]]

-----------------------------------------------------

Non-linear: C = 1, kernel = sigmoid, Gamma = 0.01
Precisions of CV = [ 0.7  0.9  0.9  0.9  1.   1.   1.   0.9  0.8]
Mean Precision = 0.9
Confusion Matrix = 
[[9 0 0 0 0 0 0 0 0 0]
 [0 9 0 0 0 0 0 0 0 0]
 [0 0 9 0 0 0 0 0 0 0]
 [0 0 0 8 0 0 0 1 0 0]
 [0 0 0 0 9 0 0 0 0 0]
 [2 0 0 0 0 6 0 1 0 0]
 [0 0 0 0 0 0 9 0 0 0]
 [1 0 0 1 1 2 0 4 0 0]
 [0 0 0 0 0 0 0 0 9 0]
 [0 0 0 0 0 0 0 0 0 9]]

-----------------------------------------------------

Non-linear: C = 1, kernel = sigmoid, Gamma = 0.001
Precisions of CV = [ 0.8  0.9  0.8  0.9  1.   1.   1.   0.9  0.8]
Mean Precision = 0.9
Confusion Matrix = 
[[9 0 0 0 0 0 0 0 0 0]
 [0 9 0 0 0 0 0 0 0 0]
 [0 0 9 0 0 0 0 0 0 0]
 [0 0 0 7 1 0 1 0 0 0]
 [0 0 0 0 9 0 0 0 0 0]
 [2 0 0 0 0 7 0 0 0 0]
 [0 0 0 0 0 0 9 0 0 0]
 [1 1 0 1 1 1 0 4 0 0]
 [0 0 0 0 0 0 0 0 9 0]
 [0 0 0 0 0 0 0 0 0 9]]

-----------------------------------------------------

Non-linear: C = 1, kernel = sigmoid, Gamma = 0.0001
Precisions of CV = [ 0.9  0.9  0.9  0.9  1.   1.   1.   0.9  0.8]
Mean Precision = 0.922222222222
Confusion Matrix = 
[[9 0 0 0 0 0 0 0 0 0]
 [0 9 0 0 0 0 0 0 0 0]
 [0 0 9 0 0 0 0 0 0 0]
 [0 0 0 9 0 0 0 0 0 0]
 [0 0 0 0 9 0 0 0 0 0]
 [2 0 0 0 0 7 0 0 0 0]
 [0 0 0 0 0 0 9 0 0 0]
 [1 0 0 2 1 1 0 4 0 0]
 [0 0 0 0 0 0 0 0 9 0]
 [0 0 0 0 0 0 0 0 0 9]]

-----------------------------------------------------

Linear: C = 10, Loss = hinge, Penalty = l2
Precisions of CV = [ 0.9  0.9  0.9  0.9  0.9  0.9  1.   1.   1. ]
Mean Precision = 0.933333333333
Confusion Matrix = 
[[9 0 0 0 0 0 0 0 0 0]
 [0 9 0 0 0 0 0 0 0 0]
 [0 0 9 0 0 0 0 0 0 0]
 [0 0 0 6 0 0 1 2 0 0]
 [0 0 0 0 9 0 0 0 0 0]
 [0 0 0 0 0 8 0 1 0 0]
 [0 0 0 0 0 0 9 0 0 0]
 [0 0 0 1 0 1 0 7 0 0]
 [0 0 0 0 0 0 0 0 9 0]
 [0 0 0 0 0 0 0 0 0 9]]

-----------------------------------------------------

Linear: C = 10, Loss = squared_hinge, Penalty = l2
Precisions of CV = [ 0.9  0.9  1.   0.9  0.9  0.9  1.   1.   1. ]
Mean Precision = 0.944444444444
Confusion Matrix = 
[[9 0 0 0 0 0 0 0 0 0]
 [0 9 0 0 0 0 0 0 0 0]
 [0 0 9 0 0 0 0 0 0 0]
 [0 0 0 7 0 0 0 2 0 0]
 [0 0 0 0 9 0 0 0 0 0]
 [0 0 0 0 0 8 0 1 0 0]
 [0 0 0 0 0 0 9 0 0 0]
 [0 0 0 1 0 1 0 7 0 0]
 [0 0 0 0 0 0 0 0 9 0]
 [0 0 0 0 0 0 0 0 0 9]]

-----------------------------------------------------

Non-linear: C = 10, kernel = poly, Gamma = 0.01
Precisions of CV = [ 0.7  0.6  0.5  0.6  0.5  0.7  0.6  0.5  0.9]
Mean Precision = 0.622222222222
Confusion Matrix = 
[[6 0 1 0 1 0 0 0 1 0]
 [0 9 0 0 0 0 0 0 0 0]
 [0 0 9 0 0 0 0 0 0 0]
 [0 1 3 4 1 0 0 0 0 0]
 [0 0 0 0 9 0 0 0 0 0]
 [0 2 2 2 1 1 0 0 1 0]
 [0 0 4 0 0 0 3 0 2 0]
 [1 3 2 2 0 0 0 0 1 0]
 [0 0 0 1 0 0 0 0 8 0]
 [0 0 0 1 1 0 0 0 0 7]]

-----------------------------------------------------

Non-linear: C = 10, kernel = poly, Gamma = 0.001
Precisions of CV = [ 0.7  0.6  0.5  0.6  0.5  0.7  0.6  0.5  0.9]
Mean Precision = 0.622222222222
Confusion Matrix = 
[[6 0 1 0 1 0 0 0 1 0]
 [0 9 0 0 0 0 0 0 0 0]
 [0 0 9 0 0 0 0 0 0 0]
 [0 1 3 4 1 0 0 0 0 0]
 [0 0 0 0 9 0 0 0 0 0]
 [0 2 2 2 1 1 0 0 1 0]
 [0 0 4 0 0 0 3 0 2 0]
 [1 3 2 2 0 0 0 0 1 0]
 [0 0 0 1 0 0 0 0 8 0]
 [0 0 0 1 1 0 0 0 0 7]]

-----------------------------------------------------

Non-linear: C = 10, kernel = poly, Gamma = 0.0001
Precisions of CV = [ 0.7  0.6  0.5  0.6  0.5  0.7  0.6  0.5  0.9]
Mean Precision = 0.622222222222
Confusion Matrix = 
[[6 0 2 0 1 0 0 0 0 0]
 [0 9 0 0 0 0 0 0 0 0]
 [0 0 9 0 0 0 0 0 0 0]
 [0 2 2 4 1 0 0 0 0 0]
 [0 0 0 0 9 0 0 0 0 0]
 [0 4 1 2 1 1 0 0 0 0]
 [0 0 3 0 0 0 3 0 3 0]
 [1 3 2 2 0 0 0 0 1 0]
 [0 0 0 1 0 0 0 0 8 0]
 [0 0 0 1 1 0 0 0 0 7]]

-----------------------------------------------------

Non-linear: C = 10, kernel = rbf, Gamma = 0.01
Precisions of CV = [ 0.8  0.9  0.9  0.9  1.   1.   1.   0.9  0.8]
Mean Precision = 0.911111111111
Confusion Matrix = 
[[9 0 0 0 0 0 0 0 0 0]
 [0 9 0 0 0 0 0 0 0 0]
 [0 0 9 0 0 0 0 0 0 0]
 [0 0 0 8 0 0 0 1 0 0]
 [0 0 0 0 9 0 0 0 0 0]
 [2 0 0 0 0 6 0 1 0 0]
 [0 0 0 0 0 0 9 0 0 0]
 [1 0 0 1 0 2 0 5 0 0]
 [0 0 0 0 0 0 0 0 9 0]
 [0 0 0 0 0 0 0 0 0 9]]

-----------------------------------------------------

Non-linear: C = 10, kernel = rbf, Gamma = 0.001
Precisions of CV = [ 0.8  0.9  0.9  0.9  1.   1.   1.   0.9  0.8]
Mean Precision = 0.911111111111
Confusion Matrix = 
[[9 0 0 0 0 0 0 0 0 0]
 [0 9 0 0 0 0 0 0 0 0]
 [0 0 9 0 0 0 0 0 0 0]
 [0 0 0 8 0 0 0 1 0 0]
 [0 0 0 0 9 0 0 0 0 0]
 [2 0 0 0 0 6 0 1 0 0]
 [0 0 0 0 0 0 9 0 0 0]
 [1 0 0 1 0 2 0 5 0 0]
 [0 0 0 0 0 0 0 0 9 0]
 [0 0 0 0 0 0 0 0 0 9]]

-----------------------------------------------------

Non-linear: C = 10, kernel = rbf, Gamma = 0.0001
Precisions of CV = [ 0.8  0.9  0.9  0.9  1.   1.   1.   0.9  0.8]
Mean Precision = 0.911111111111
Confusion Matrix = 
[[9 0 0 0 0 0 0 0 0 0]
 [0 9 0 0 0 0 0 0 0 0]
 [0 0 9 0 0 0 0 0 0 0]
 [0 0 0 7 0 0 1 1 0 0]
 [0 0 0 0 9 0 0 0 0 0]
 [2 0 0 0 0 7 0 0 0 0]
 [0 0 0 0 0 0 9 0 0 0]
 [1 0 0 1 1 0 1 5 0 0]
 [0 0 0 0 0 0 0 0 9 0]
 [0 0 0 0 0 0 0 0 0 9]]

-----------------------------------------------------

Non-linear: C = 10, kernel = sigmoid, Gamma = 0.01
Precisions of CV = [ 0.8  0.9  0.9  0.9  1.   1.   1.   0.9  0.8]
Mean Precision = 0.911111111111
Confusion Matrix = 
[[9 0 0 0 0 0 0 0 0 0]
 [0 9 0 0 0 0 0 0 0 0]
 [0 0 9 0 0 0 0 0 0 0]
 [0 0 0 8 0 0 0 1 0 0]
 [0 0 0 0 9 0 0 0 0 0]
 [2 0 0 0 0 6 0 1 0 0]
 [0 0 0 0 0 0 9 0 0 0]
 [1 0 0 1 0 2 0 5 0 0]
 [0 0 0 0 0 0 0 0 9 0]
 [0 0 0 0 0 0 0 0 0 9]]

-----------------------------------------------------

Non-linear: C = 10, kernel = sigmoid, Gamma = 0.001
Precisions of CV = [ 0.7  0.9  0.9  0.9  1.   1.   1.   0.9  0.8]
Mean Precision = 0.9
Confusion Matrix = 
[[9 0 0 0 0 0 0 0 0 0]
 [0 9 0 0 0 0 0 0 0 0]
 [0 0 9 0 0 0 0 0 0 0]
 [0 0 0 8 0 0 0 1 0 0]
 [0 0 0 0 9 0 0 0 0 0]
 [2 0 0 0 0 6 0 1 0 0]
 [0 0 0 0 0 0 9 0 0 0]
 [1 0 0 1 1 2 0 4 0 0]
 [0 0 0 0 0 0 0 0 9 0]
 [0 0 0 0 0 0 0 0 0 9]]

-----------------------------------------------------

Non-linear: C = 10, kernel = sigmoid, Gamma = 0.0001
Precisions of CV = [ 0.8  0.9  0.8  0.9  1.   1.   1.   0.9  0.8]
Mean Precision = 0.9
Confusion Matrix = 
[[9 0 0 0 0 0 0 0 0 0]
 [0 9 0 0 0 0 0 0 0 0]
 [0 0 9 0 0 0 0 0 0 0]
 [0 0 0 7 1 0 1 0 0 0]
 [0 0 0 0 9 0 0 0 0 0]
 [2 0 0 0 0 7 0 0 0 0]
 [0 0 0 0 0 0 9 0 0 0]
 [1 1 0 1 1 1 0 4 0 0]
 [0 0 0 0 0 0 0 0 9 0]
 [0 0 0 0 0 0 0 0 0 9]]

-----------------------------------------------------

Linear: C = 50, Loss = hinge, Penalty = l2
Precisions of CV = [ 0.9  0.8  0.9  0.8  0.9  0.8  0.9  1.   1. ]
Mean Precision = 0.888888888889
Confusion Matrix = 
[[8 0 0 0 0 1 0 0 0 0]
 [0 9 0 0 0 0 0 0 0 0]
 [0 0 9 0 0 0 0 0 0 0]
 [0 0 0 6 0 0 0 3 0 0]
 [0 0 0 0 9 0 0 0 0 0]
 [1 0 0 0 0 7 0 1 0 0]
 [0 0 0 0 0 0 8 1 0 0]
 [0 0 0 1 0 2 0 6 0 0]
 [0 0 0 0 0 0 0 0 9 0]
 [0 0 0 0 0 0 0 0 0 9]]

-----------------------------------------------------

Linear: C = 50, Loss = squared_hinge, Penalty = l2
Precisions of CV = [ 0.9  0.9  0.9  0.8  0.9  0.8  0.9  1.   1. ]
Mean Precision = 0.9
Confusion Matrix = 
[[8 0 0 0 0 1 0 0 0 0]
 [0 9 0 0 0 0 0 0 0 0]
 [0 0 9 0 0 0 0 0 0 0]
 [0 0 0 6 0 0 0 3 0 0]
 [0 0 0 0 9 0 0 0 0 0]
 [0 0 0 0 0 8 0 1 0 0]
 [0 0 0 0 0 0 8 1 0 0]
 [0 0 0 1 0 2 0 6 0 0]
 [0 0 0 0 0 0 0 0 9 0]
 [0 0 0 0 0 0 0 0 0 9]]

-----------------------------------------------------

Non-linear: C = 50, kernel = poly, Gamma = 0.01
Precisions of CV = [ 0.7  0.6  0.5  0.6  0.5  0.7  0.6  0.5  0.9]
Mean Precision = 0.622222222222
Confusion Matrix = 
[[6 0 1 0 1 0 0 0 1 0]
 [0 9 0 0 0 0 0 0 0 0]
 [0 0 9 0 0 0 0 0 0 0]
 [0 1 3 4 1 0 0 0 0 0]
 [0 0 0 0 9 0 0 0 0 0]
 [0 2 2 2 1 1 0 0 1 0]
 [0 0 4 0 0 0 3 0 2 0]
 [1 3 2 2 0 0 0 0 1 0]
 [0 0 0 1 0 0 0 0 8 0]
 [0 0 0 1 1 0 0 0 0 7]]

-----------------------------------------------------

Non-linear: C = 50, kernel = poly, Gamma = 0.001
Precisions of CV = [ 0.7  0.6  0.5  0.6  0.5  0.7  0.6  0.5  0.9]
Mean Precision = 0.622222222222
Confusion Matrix = 
[[6 0 1 0 1 0 0 0 1 0]
 [0 9 0 0 0 0 0 0 0 0]
 [0 0 9 0 0 0 0 0 0 0]
 [0 1 3 4 1 0 0 0 0 0]
 [0 0 0 0 9 0 0 0 0 0]
 [0 2 2 2 1 1 0 0 1 0]
 [0 0 4 0 0 0 3 0 2 0]
 [1 3 2 2 0 0 0 0 1 0]
 [0 0 0 1 0 0 0 0 8 0]
 [0 0 0 1 1 0 0 0 0 7]]

-----------------------------------------------------

Non-linear: C = 50, kernel = poly, Gamma = 0.0001
Precisions of CV = [ 0.7  0.6  0.5  0.6  0.5  0.7  0.6  0.5  0.9]
Mean Precision = 0.622222222222
Confusion Matrix = 
[[6 0 1 0 1 0 0 0 1 0]
 [0 9 0 0 0 0 0 0 0 0]
 [0 0 9 0 0 0 0 0 0 0]
 [0 1 3 4 1 0 0 0 0 0]
 [0 0 0 0 9 0 0 0 0 0]
 [0 2 2 2 1 1 0 0 1 0]
 [0 0 4 0 0 0 3 0 2 0]
 [1 3 2 2 0 0 0 0 1 0]
 [0 0 0 1 0 0 0 0 8 0]
 [0 0 0 1 1 0 0 0 0 7]]

-----------------------------------------------------

Non-linear: C = 50, kernel = rbf, Gamma = 0.01
Precisions of CV = [ 0.8  0.9  0.9  0.9  1.   1.   1.   0.9  0.8]
Mean Precision = 0.911111111111
Confusion Matrix = 
[[9 0 0 0 0 0 0 0 0 0]
 [0 9 0 0 0 0 0 0 0 0]
 [0 0 9 0 0 0 0 0 0 0]
 [0 0 0 8 0 0 0 1 0 0]
 [0 0 0 0 9 0 0 0 0 0]
 [2 0 0 0 0 6 0 1 0 0]
 [0 0 0 0 0 0 9 0 0 0]
 [1 0 0 1 0 2 0 5 0 0]
 [0 0 0 0 0 0 0 0 9 0]
 [0 0 0 0 0 0 0 0 0 9]]

-----------------------------------------------------

Non-linear: C = 50, kernel = rbf, Gamma = 0.001
Precisions of CV = [ 0.8  0.9  0.9  0.9  1.   1.   1.   0.9  0.8]
Mean Precision = 0.911111111111
Confusion Matrix = 
[[9 0 0 0 0 0 0 0 0 0]
 [0 9 0 0 0 0 0 0 0 0]
 [0 0 9 0 0 0 0 0 0 0]
 [0 0 0 8 0 0 0 1 0 0]
 [0 0 0 0 9 0 0 0 0 0]
 [2 0 0 0 0 6 0 1 0 0]
 [0 0 0 0 0 0 9 0 0 0]
 [1 0 0 1 0 2 0 5 0 0]
 [0 0 0 0 0 0 0 0 9 0]
 [0 0 0 0 0 0 0 0 0 9]]

-----------------------------------------------------

Non-linear: C = 50, kernel = rbf, Gamma = 0.0001
Precisions of CV = [ 0.7  0.9  0.9  0.9  1.   1.   1.   0.9  0.8]
Mean Precision = 0.9
Confusion Matrix = 
[[9 0 0 0 0 0 0 0 0 0]
 [0 9 0 0 0 0 0 0 0 0]
 [0 0 9 0 0 0 0 0 0 0]
 [0 0 0 8 0 0 0 1 0 0]
 [0 0 0 0 9 0 0 0 0 0]
 [2 0 0 0 0 6 0 1 0 0]
 [0 0 0 0 0 0 9 0 0 0]
 [1 0 0 1 1 2 0 4 0 0]
 [0 0 0 0 0 0 0 0 9 0]
 [0 0 0 0 0 0 0 0 0 9]]

-----------------------------------------------------

Non-linear: C = 50, kernel = sigmoid, Gamma = 0.01
Precisions of CV = [ 0.8  0.9  0.9  0.9  1.   1.   1.   0.9  0.8]
Mean Precision = 0.911111111111
Confusion Matrix = 
[[9 0 0 0 0 0 0 0 0 0]
 [0 9 0 0 0 0 0 0 0 0]
 [0 0 9 0 0 0 0 0 0 0]
 [0 0 0 8 0 0 0 1 0 0]
 [0 0 0 0 9 0 0 0 0 0]
 [2 0 0 0 0 6 0 1 0 0]
 [0 0 0 0 0 0 9 0 0 0]
 [1 0 0 1 0 2 0 5 0 0]
 [0 0 0 0 0 0 0 0 9 0]
 [0 0 0 0 0 0 0 0 0 9]]

-----------------------------------------------------

Non-linear: C = 50, kernel = sigmoid, Gamma = 0.001
Precisions of CV = [ 0.8  0.9  0.9  0.9  1.   1.   1.   0.9  0.8]
Mean Precision = 0.911111111111
Confusion Matrix = 
[[9 0 0 0 0 0 0 0 0 0]
 [0 9 0 0 0 0 0 0 0 0]
 [0 0 9 0 0 0 0 0 0 0]
 [0 0 0 8 0 0 0 1 0 0]
 [0 0 0 0 9 0 0 0 0 0]
 [2 0 0 0 0 6 0 1 0 0]
 [0 0 0 0 0 0 9 0 0 0]
 [1 0 0 1 0 2 0 5 0 0]
 [0 0 0 0 0 0 0 0 9 0]
 [0 0 0 0 0 0 0 0 0 9]]

-----------------------------------------------------

Non-linear: C = 50, kernel = sigmoid, Gamma = 0.0001
Precisions of CV = [ 0.7  0.9  0.9  0.9  1.   1.   1.   0.9  0.8]
Mean Precision = 0.9
Confusion Matrix = 
[[9 0 0 0 0 0 0 0 0 0]
 [0 9 0 0 0 0 0 0 0 0]
 [0 0 9 0 0 0 0 0 0 0]
 [0 0 0 8 0 0 0 1 0 0]
 [0 0 0 0 9 0 0 0 0 0]
 [2 0 0 0 0 6 0 1 0 0]
 [0 0 0 0 0 0 9 0 0 0]
 [1 0 0 1 1 2 0 4 0 0]
 [0 0 0 0 0 0 0 0 9 0]
 [0 0 0 0 0 0 0 0 0 9]]

-----------------------------------------------------

Linear: C = 100, Loss = hinge, Penalty = l2
Precisions of CV = [ 0.9  0.8  0.9  0.8  0.9  0.8  0.9  1.   1. ]
Mean Precision = 0.888888888889
Confusion Matrix = 
[[8 0 0 0 0 1 0 0 0 0]
 [0 9 0 0 0 0 0 0 0 0]
 [0 0 9 0 0 0 0 0 0 0]
 [0 0 0 6 0 0 0 3 0 0]
 [0 0 0 0 9 0 0 0 0 0]
 [1 0 0 0 0 7 0 1 0 0]
 [0 0 0 0 0 0 8 1 0 0]
 [0 0 0 1 0 2 0 6 0 0]
 [0 0 0 0 0 0 0 0 9 0]
 [0 0 0 0 0 0 0 0 0 9]]

-----------------------------------------------------

Linear: C = 100, Loss = squared_hinge, Penalty = l2
Precisions of CV = [ 0.9  0.8  0.9  0.8  0.9  0.8  0.9  1.   1. ]
Mean Precision = 0.888888888889
Confusion Matrix = 
[[8 0 0 0 0 1 0 0 0 0]
 [0 9 0 0 0 0 0 0 0 0]
 [0 0 9 0 0 0 0 0 0 0]
 [0 0 0 6 0 0 0 3 0 0]
 [0 0 0 0 9 0 0 0 0 0]
 [1 0 0 0 0 7 0 1 0 0]
 [0 0 0 0 0 0 8 1 0 0]
 [0 0 0 1 0 2 0 6 0 0]
 [0 0 0 0 0 0 0 0 9 0]
 [0 0 0 0 0 0 0 0 0 9]]

-----------------------------------------------------

Non-linear: C = 100, kernel = poly, Gamma = 0.01
Precisions of CV = [ 0.7  0.6  0.5  0.6  0.5  0.7  0.6  0.5  0.9]
Mean Precision = 0.622222222222
Confusion Matrix = 
[[6 0 1 0 1 0 0 0 1 0]
 [0 9 0 0 0 0 0 0 0 0]
 [0 0 9 0 0 0 0 0 0 0]
 [0 1 3 4 1 0 0 0 0 0]
 [0 0 0 0 9 0 0 0 0 0]
 [0 2 2 2 1 1 0 0 1 0]
 [0 0 4 0 0 0 3 0 2 0]
 [1 3 2 2 0 0 0 0 1 0]
 [0 0 0 1 0 0 0 0 8 0]
 [0 0 0 1 1 0 0 0 0 7]]

-----------------------------------------------------

Non-linear: C = 100, kernel = poly, Gamma = 0.001
Precisions of CV = [ 0.7  0.6  0.5  0.6  0.5  0.7  0.6  0.5  0.9]
Mean Precision = 0.622222222222
Confusion Matrix = 
[[6 0 1 0 1 0 0 0 1 0]
 [0 9 0 0 0 0 0 0 0 0]
 [0 0 9 0 0 0 0 0 0 0]
 [0 1 3 4 1 0 0 0 0 0]
 [0 0 0 0 9 0 0 0 0 0]
 [0 2 2 2 1 1 0 0 1 0]
 [0 0 4 0 0 0 3 0 2 0]
 [1 3 2 2 0 0 0 0 1 0]
 [0 0 0 1 0 0 0 0 8 0]
 [0 0 0 1 1 0 0 0 0 7]]

-----------------------------------------------------

Non-linear: C = 100, kernel = poly, Gamma = 0.0001
Precisions of CV = [ 0.7  0.6  0.5  0.6  0.5  0.7  0.6  0.5  0.9]
Mean Precision = 0.622222222222
Confusion Matrix = 
[[6 0 1 0 1 0 0 0 1 0]
 [0 9 0 0 0 0 0 0 0 0]
 [0 0 9 0 0 0 0 0 0 0]
 [0 1 3 4 1 0 0 0 0 0]
 [0 0 0 0 9 0 0 0 0 0]
 [0 2 2 2 1 1 0 0 1 0]
 [0 0 4 0 0 0 3 0 2 0]
 [1 3 2 2 0 0 0 0 1 0]
 [0 0 0 1 0 0 0 0 8 0]
 [0 0 0 1 1 0 0 0 0 7]]

-----------------------------------------------------

Non-linear: C = 100, kernel = rbf, Gamma = 0.01
Precisions of CV = [ 0.8  0.9  0.9  0.8  0.9  1.   1.   0.9  1. ]
Mean Precision = 0.911111111111
Confusion Matrix = 
[[9 0 0 0 0 0 0 0 0 0]
 [0 9 0 0 0 0 0 0 0 0]
 [0 0 9 0 0 0 0 0 0 0]
 [0 0 0 7 0 0 0 2 0 0]
 [0 0 0 0 9 0 0 0 0 0]
 [1 0 0 0 0 6 0 2 0 0]
 [0 0 0 0 0 0 9 0 0 0]
 [0 0 0 1 0 2 0 6 0 0]
 [0 0 0 0 0 0 0 0 9 0]
 [0 0 0 0 0 0 0 0 0 9]]

-----------------------------------------------------

Non-linear: C = 100, kernel = rbf, Gamma = 0.001
Precisions of CV = [ 0.8  0.9  0.9  0.9  1.   1.   1.   0.9  0.8]
Mean Precision = 0.911111111111
Confusion Matrix = 
[[9 0 0 0 0 0 0 0 0 0]
 [0 9 0 0 0 0 0 0 0 0]
 [0 0 9 0 0 0 0 0 0 0]
 [0 0 0 8 0 0 0 1 0 0]
 [0 0 0 0 9 0 0 0 0 0]
 [2 0 0 0 0 6 0 1 0 0]
 [0 0 0 0 0 0 9 0 0 0]
 [1 0 0 1 0 2 0 5 0 0]
 [0 0 0 0 0 0 0 0 9 0]
 [0 0 0 0 0 0 0 0 0 9]]

-----------------------------------------------------

Non-linear: C = 100, kernel = rbf, Gamma = 0.0001
Precisions of CV = [ 0.8  0.9  0.9  0.9  1.   1.   1.   0.9  0.8]
Mean Precision = 0.911111111111
Confusion Matrix = 
[[9 0 0 0 0 0 0 0 0 0]
 [0 9 0 0 0 0 0 0 0 0]
 [0 0 9 0 0 0 0 0 0 0]
 [0 0 0 8 0 0 0 1 0 0]
 [0 0 0 0 9 0 0 0 0 0]
 [2 0 0 0 0 6 0 1 0 0]
 [0 0 0 0 0 0 9 0 0 0]
 [1 0 0 1 0 2 0 5 0 0]
 [0 0 0 0 0 0 0 0 9 0]
 [0 0 0 0 0 0 0 0 0 9]]

-----------------------------------------------------

Non-linear: C = 100, kernel = sigmoid, Gamma = 0.01
Precisions of CV = [ 0.8  0.9  0.9  0.9  1.   1.   1.   0.9  0.8]
Mean Precision = 0.911111111111
Confusion Matrix = 
[[9 0 0 0 0 0 0 0 0 0]
 [0 9 0 0 0 0 0 0 0 0]
 [0 0 9 0 0 0 0 0 0 0]
 [0 0 0 8 0 0 0 1 0 0]
 [0 0 0 0 9 0 0 0 0 0]
 [2 0 0 0 0 6 0 1 0 0]
 [0 0 0 0 0 0 9 0 0 0]
 [1 0 0 1 0 2 0 5 0 0]
 [0 0 0 0 0 0 0 0 9 0]
 [0 0 0 0 0 0 0 0 0 9]]

-----------------------------------------------------

Non-linear: C = 100, kernel = sigmoid, Gamma = 0.001
Precisions of CV = [ 0.8  0.9  0.9  0.9  1.   1.   1.   0.9  0.8]
Mean Precision = 0.911111111111
Confusion Matrix = 
[[9 0 0 0 0 0 0 0 0 0]
 [0 9 0 0 0 0 0 0 0 0]
 [0 0 9 0 0 0 0 0 0 0]
 [0 0 0 8 0 0 0 1 0 0]
 [0 0 0 0 9 0 0 0 0 0]
 [2 0 0 0 0 6 0 1 0 0]
 [0 0 0 0 0 0 9 0 0 0]
 [1 0 0 1 0 2 0 5 0 0]
 [0 0 0 0 0 0 0 0 9 0]
 [0 0 0 0 0 0 0 0 0 9]]

-----------------------------------------------------

Non-linear: C = 100, kernel = sigmoid, Gamma = 0.0001
Precisions of CV = [ 0.7  0.9  0.9  0.9  1.   1.   1.   0.9  0.8]
Mean Precision = 0.9
Confusion Matrix = 
[[9 0 0 0 0 0 0 0 0 0]
 [0 9 0 0 0 0 0 0 0 0]
 [0 0 9 0 0 0 0 0 0 0]
 [0 0 0 8 0 0 0 1 0 0]
 [0 0 0 0 9 0 0 0 0 0]
 [2 0 0 0 0 6 0 1 0 0]
 [0 0 0 0 0 0 9 0 0 0]
 [1 0 0 1 1 2 0 4 0 0]
 [0 0 0 0 0 0 0 0 9 0]
 [0 0 0 0 0 0 0 0 0 9]]

-----------------------------------------------------

Linear: C = 1000, Loss = hinge, Penalty = l2
Precisions of CV = [ 0.9  0.8  0.9  0.8  0.9  0.8  0.9  1.   1. ]
Mean Precision = 0.888888888889
Confusion Matrix = 
[[8 0 0 0 0 1 0 0 0 0]
 [0 9 0 0 0 0 0 0 0 0]
 [0 0 9 0 0 0 0 0 0 0]
 [0 0 0 6 0 0 0 3 0 0]
 [0 0 0 0 9 0 0 0 0 0]
 [1 0 0 0 0 7 0 1 0 0]
 [0 0 0 0 0 0 8 1 0 0]
 [0 0 0 1 0 2 0 6 0 0]
 [0 0 0 0 0 0 0 0 9 0]
 [0 0 0 0 0 0 0 0 0 9]]

-----------------------------------------------------

Linear: C = 1000, Loss = squared_hinge, Penalty = l2
Precisions of CV = [ 0.9  0.8  0.9  0.8  0.9  0.8  0.9  1.   1. ]
Mean Precision = 0.888888888889
Confusion Matrix = 
[[8 0 0 0 0 1 0 0 0 0]
 [0 9 0 0 0 0 0 0 0 0]
 [0 0 9 0 0 0 0 0 0 0]
 [0 0 0 6 0 0 0 3 0 0]
 [0 0 0 0 9 0 0 0 0 0]
 [1 0 0 0 0 7 0 1 0 0]
 [0 0 0 0 0 0 8 1 0 0]
 [0 0 0 1 0 2 0 6 0 0]
 [0 0 0 0 0 0 0 0 9 0]
 [0 0 0 0 0 0 0 0 0 9]]

-----------------------------------------------------

Non-linear: C = 1000, kernel = poly, Gamma = 0.01
Precisions of CV = [ 0.5  0.6  0.5  0.7  0.5  0.7  0.6  0.5  0.7]
Mean Precision = 0.588888888889
Confusion Matrix = 
[[5 0 0 0 1 0 0 0 2 1]
 [0 9 0 0 0 0 0 0 0 0]
 [0 0 9 0 0 0 0 0 0 0]
 [0 0 0 3 1 0 0 0 5 0]
 [0 0 0 0 9 0 0 0 0 0]
 [0 0 0 1 1 0 0 0 6 1]
 [0 0 0 1 0 0 3 0 5 0]
 [0 0 0 2 1 0 0 0 5 1]
 [0 0 0 1 0 0 0 0 8 0]
 [0 0 0 1 0 0 0 0 1 7]]

-----------------------------------------------------

Non-linear: C = 1000, kernel = poly, Gamma = 0.001
Precisions of CV = [ 0.7  0.6  0.5  0.6  0.5  0.7  0.6  0.5  0.9]
Mean Precision = 0.622222222222
Confusion Matrix = 
[[6 0 1 0 1 0 0 0 1 0]
 [0 9 0 0 0 0 0 0 0 0]
 [0 0 9 0 0 0 0 0 0 0]
 [0 1 3 4 1 0 0 0 0 0]
 [0 0 0 0 9 0 0 0 0 0]
 [0 2 2 2 1 1 0 0 1 0]
 [0 0 4 0 0 0 3 0 2 0]
 [1 3 2 2 0 0 0 0 1 0]
 [0 0 0 1 0 0 0 0 8 0]
 [0 0 0 1 1 0 0 0 0 7]]

-----------------------------------------------------

Non-linear: C = 1000, kernel = poly, Gamma = 0.0001
Precisions of CV = [ 0.7  0.6  0.5  0.6  0.5  0.7  0.6  0.5  0.9]
Mean Precision = 0.622222222222
Confusion Matrix = 
[[6 0 1 0 1 0 0 0 1 0]
 [0 9 0 0 0 0 0 0 0 0]
 [0 0 9 0 0 0 0 0 0 0]
 [0 1 3 4 1 0 0 0 0 0]
 [0 0 0 0 9 0 0 0 0 0]
 [0 2 2 2 1 1 0 0 1 0]
 [0 0 4 0 0 0 3 0 2 0]
 [1 3 2 2 0 0 0 0 1 0]
 [0 0 0 1 0 0 0 0 8 0]
 [0 0 0 1 1 0 0 0 0 7]]

-----------------------------------------------------

Non-linear: C = 1000, kernel = rbf, Gamma = 0.01
Precisions of CV = [ 0.9  0.9  0.9  0.9  0.9  0.9  0.9  1.   1. ]
Mean Precision = 0.922222222222
Confusion Matrix = 
[[9 0 0 0 0 0 0 0 0 0]
 [0 9 0 0 0 0 0 0 0 0]
 [0 0 9 0 0 0 0 0 0 0]
 [0 0 0 6 0 0 1 2 0 0]
 [0 0 0 0 9 0 0 0 0 0]
 [0 0 0 0 0 8 0 1 0 0]
 [0 0 0 0 0 0 9 0 0 0]
 [0 0 0 1 0 2 0 6 0 0]
 [0 0 0 0 0 0 0 0 9 0]
 [0 0 0 0 0 0 0 0 0 9]]

-----------------------------------------------------

Non-linear: C = 1000, kernel = rbf, Gamma = 0.001
Precisions of CV = [ 0.8  0.9  0.9  0.8  0.9  1.   1.   0.9  1. ]
Mean Precision = 0.911111111111
Confusion Matrix = 
[[9 0 0 0 0 0 0 0 0 0]
 [0 9 0 0 0 0 0 0 0 0]
 [0 0 9 0 0 0 0 0 0 0]
 [0 0 0 7 0 0 0 2 0 0]
 [0 0 0 0 9 0 0 0 0 0]
 [1 0 0 0 0 6 0 2 0 0]
 [0 0 0 0 0 0 9 0 0 0]
 [0 0 0 1 0 2 0 6 0 0]
 [0 0 0 0 0 0 0 0 9 0]
 [0 0 0 0 0 0 0 0 0 9]]

-----------------------------------------------------

Non-linear: C = 1000, kernel = rbf, Gamma = 0.0001
Precisions of CV = [ 0.8  0.9  0.9  0.9  1.   1.   1.   0.9  0.8]
Mean Precision = 0.911111111111
Confusion Matrix = 
[[9 0 0 0 0 0 0 0 0 0]
 [0 9 0 0 0 0 0 0 0 0]
 [0 0 9 0 0 0 0 0 0 0]
 [0 0 0 8 0 0 0 1 0 0]
 [0 0 0 0 9 0 0 0 0 0]
 [2 0 0 0 0 6 0 1 0 0]
 [0 0 0 0 0 0 9 0 0 0]
 [1 0 0 1 0 2 0 5 0 0]
 [0 0 0 0 0 0 0 0 9 0]
 [0 0 0 0 0 0 0 0 0 9]]

-----------------------------------------------------

Non-linear: C = 1000, kernel = sigmoid, Gamma = 0.01
Precisions of CV = [ 0.9  0.9  0.9  0.9  0.9  0.9  1.   1.   1. ]
Mean Precision = 0.933333333333
Confusion Matrix = 
[[9 0 0 0 0 0 0 0 0 0]
 [0 9 0 0 0 0 0 0 0 0]
 [0 0 9 0 0 0 0 0 0 0]
 [0 0 0 6 0 0 1 2 0 0]
 [0 0 0 0 9 0 0 0 0 0]
 [0 0 0 0 0 8 0 1 0 0]
 [0 0 0 0 0 0 9 0 0 0]
 [0 0 0 1 0 1 0 7 0 0]
 [0 0 0 0 0 0 0 0 9 0]
 [0 0 0 0 0 0 0 0 0 9]]

-----------------------------------------------------

Non-linear: C = 1000, kernel = sigmoid, Gamma = 0.001
Precisions of CV = [ 0.8  0.9  0.9  0.9  1.   1.   1.   0.9  0.8]
Mean Precision = 0.911111111111
Confusion Matrix = 
[[9 0 0 0 0 0 0 0 0 0]
 [0 9 0 0 0 0 0 0 0 0]
 [0 0 9 0 0 0 0 0 0 0]
 [0 0 0 8 0 0 0 1 0 0]
 [0 0 0 0 9 0 0 0 0 0]
 [2 0 0 0 0 6 0 1 0 0]
 [0 0 0 0 0 0 9 0 0 0]
 [1 0 0 1 0 2 0 5 0 0]
 [0 0 0 0 0 0 0 0 9 0]
 [0 0 0 0 0 0 0 0 0 9]]

-----------------------------------------------------

Non-linear: C = 1000, kernel = sigmoid, Gamma = 0.0001
Precisions of CV = [ 0.8  0.9  0.9  0.9  1.   1.   1.   0.9  0.8]
Mean Precision = 0.911111111111
Confusion Matrix = 
[[9 0 0 0 0 0 0 0 0 0]
 [0 9 0 0 0 0 0 0 0 0]
 [0 0 9 0 0 0 0 0 0 0]
 [0 0 0 8 0 0 0 1 0 0]
 [0 0 0 0 9 0 0 0 0 0]
 [2 0 0 0 0 6 0 1 0 0]
 [0 0 0 0 0 0 9 0 0 0]
 [1 0 0 1 0 2 0 5 0 0]
 [0 0 0 0 0 0 0 0 9 0]
 [0 0 0 0 0 0 0 0 0 9]]

-----------------------------------------------------


########################################################

BEST LINEAR SVM (CV precision = 95.5555555556 %)

Settings: Linear SVM, C: 1, loss: squared_hinge, penalty: l2
Scores in test: (1.000000, 1.000000, 1.000000, 1.000000)

Confusion Matrix = 
[[9 0 0 0 0 0 0 0 0 0]
 [0 9 0 0 0 0 0 0 0 0]
 [0 0 9 0 0 0 0 0 0 0]
 [0 0 0 7 0 0 0 2 0 0]
 [0 0 0 0 9 0 0 0 0 0]
 [0 0 0 0 0 9 0 0 0 0]
 [0 0 0 0 0 0 9 0 0 0]
 [0 0 0 1 0 1 0 7 0 0]
 [0 0 0 0 0 0 0 0 9 0]
 [0 0 0 0 0 0 0 0 0 9]]

########################################################

BEST NON-LINEAR SVM (CV precision = 93.3333333333 %)

Settings: SVM kernel: sigmoid, C: 1000, gamma: 0.010000
Scores in test: (1.000000, 1.000000, 1.000000, 1.000000)

Confusion Matrix = 
[[9 0 0 0 0 0 0 0 0 0]
 [0 9 0 0 0 0 0 0 0 0]
 [0 0 9 0 0 0 0 0 0 0]
 [0 0 0 6 0 0 1 2 0 0]
 [0 0 0 0 9 0 0 0 0 0]
 [0 0 0 0 0 8 0 1 0 0]
 [0 0 0 0 0 0 9 0 0 0]
 [0 0 0 1 0 1 0 7 0 0]
 [0 0 0 0 0 0 0 0 9 0]
 [0 0 0 0 0 0 0 0 0 9]]

########################################################
