-W 6
Precisions of CV = [ 1.   0.9  0.9  1.   1.   1.   1.   1.   0.9]
Mean Precision = 0.966666666667
Confusion Matrix =
[[9 0 0 0 0 0 0 0 0 0]
 [0 9 0 0 0 0 0 0 0 0]
 [0 0 9 0 0 0 0 0 0 0]
 [0 0 0 9 0 0 0 0 0 0]
 [0 0 0 0 9 0 0 0 0 0]
 [0 0 0 0 0 8 0 1 0 0]
 [0 0 0 0 0 0 9 0 0 0]
 [0 0 0 1 0 1 0 7 0 0]
 [0 0 0 0 0 0 0 0 9 0]
 [0 0 0 0 0 0 0 0 0 9]]

 -----------------------------------------------------
 -W 7
 Precisions of CV = [ 1.   1.   1.   1.   1.   1.   0.9  0.9  0.9]
 Mean Precision = 0.966666666667
 Confusion Matrix =
 [[9 0 0 0 0 0 0 0 0 0]
  [0 9 0 0 0 0 0 0 0 0]
  [0 0 9 0 0 0 0 0 0 0]
  [0 0 0 9 0 0 0 0 0 0]
  [0 0 0 0 9 0 0 0 0 0]
  [0 0 0 0 0 8 0 1 0 0]
  [0 0 0 0 0 0 9 0 0 0]
  [0 0 0 1 0 1 0 7 0 0]
  [0 0 0 0 0 0 0 0 9 0]
  [0 0 0 0 0 0 0 0 0 9]]

 -----------------------------------------------------
-W 10
Precisions of CV = [ 0.9  1.   1.   1.   1.   1.   1.   0.9  0.9]
Mean Precision = 0.966666666667
Confusion Matrix =
[[9 0 0 0 0 0 0 0 0 0]
 [0 9 0 0 0 0 0 0 0 0]
 [0 0 9 0 0 0 0 0 0 0]
 [0 0 0 9 0 0 0 0 0 0]
 [0 0 0 0 9 0 0 0 0 0]
 [0 0 0 0 0 8 0 1 0 0]
 [0 0 0 0 0 0 9 0 0 0]
 [0 0 0 1 0 1 0 7 0 0]
 [0 0 0 0 0 0 0 0 9 0]
 [0 0 0 0 0 0 0 0 0 9]]

-----------------------------------------------------
-N 24
Precisions of CV = [ 1.   0.9  1.   1.   1.   1.   1.   0.9  1. ]
Mean Precision = 0.977777777778
Confusion Matrix =
[[9 0 0 0 0 0 0 0 0 0]
 [0 9 0 0 0 0 0 0 0 0]
 [0 0 9 0 0 0 0 0 0 0]
 [0 0 0 9 0 0 0 0 0 0]
 [0 0 0 0 9 0 0 0 0 0]
 [0 0 0 0 0 9 0 0 0 0]
 [0 0 0 0 0 0 9 0 0 0]
 [0 0 0 0 0 2 0 7 0 0]
 [0 0 0 0 0 0 0 0 9 0]
 [0 0 0 0 0 0 0 0 0 9]]

-----------------------------------------------------
-W 6 -N 24
Precisions of CV = [ 0.9  1.   1.   0.8  0.9  1.   1.   0.9  0.8]
Mean Precision = 0.922222222222
Confusion Matrix =
[[9 0 0 0 0 0 0 0 0 0]
 [0 9 0 0 0 0 0 0 0 0]
 [0 0 9 0 0 0 0 0 0 0]
 [0 0 0 8 0 0 0 1 0 0]
 [0 0 0 0 9 0 0 0 0 0]
 [0 0 0 0 0 7 0 2 0 0]
 [0 0 0 0 0 0 9 0 0 0]
 [0 0 0 1 0 3 0 5 0 0]
 [0 0 0 0 0 0 0 0 9 0]
 [0 0 0 0 0 0 0 0 0 9]]

-----------------------------------------------------
-N 40 -W 10
Precisions of CV = [ 0.9  1.   1.   1.   1.   1.   1.   0.9  0.9]
Mean Precision = 0.966666666667
Confusion Matrix =
[[9 0 0 0 0 0 0 0 0 0]
 [0 9 0 0 0 0 0 0 0 0]
 [0 0 9 0 0 0 0 0 0 0]
 [0 0 0 9 0 0 0 0 0 0]
 [0 0 0 0 9 0 0 0 0 0]
 [0 0 0 0 0 8 0 1 0 0]
 [0 0 0 0 0 0 9 0 0 0]
 [0 0 0 1 0 1 0 7 0 0]
 [0 0 0 0 0 0 0 0 9 0]
 [0 0 0 0 0 0 0 0 0 9]]

-----------------------------------------------------
